1.337794703431427479e-03
5.764845991507172585e-04
3.981704940088093281e-04
3.232492599636316299e-04
2.934518852271139622e-04
2.761268115136772394e-04
2.639251470100134611e-04
2.542574366088956594e-04
2.461063559167087078e-04
2.392156311543658376e-04
2.333966695005074143e-04
2.283829380758106709e-04
2.239455789094790816e-04
2.200097660534083843e-04
2.164868346881121397e-04
2.132860536221414804e-04
2.103136648656800389e-04
2.075794182019308209e-04
2.050607872661203146e-04
2.027457958320155740e-04
2.006046997848898172e-04
1.986088172998279333e-04
1.967511052498593926e-04
1.949931174749508500e-04
1.933389430632814765e-04
1.917801128001883626e-04
1.903128868434578180e-04
1.889134291559457779e-04
1.875910093076527119e-04
1.863303477875888348e-04
1.851301931310445070e-04
1.839853503042832017e-04
1.828922977438196540e-04
1.818588061723858118e-04
1.808657398214563727e-04
1.799164456315338612e-04
1.789951056707650423e-04
1.781133614713326097e-04
1.772646501194685698e-04
1.764499320415779948e-04
1.756606070557609200e-04
1.748915965436026454e-04
1.741474261507391930e-04
1.734268298605456948e-04
1.727267226669937372e-04
1.720475993352010846e-04
1.713909878162667155e-04
1.707483170321211219e-04
1.701174187473952770e-04
1.695027749519795179e-04
1.689041964709758759e-04
1.683163718553259969e-04
1.677429681876674294e-04
1.671782374614849687e-04
1.666155294515192509e-04
1.660610723774880171e-04
1.655081869103014469e-04
1.649511832511052489e-04
1.643930736463516951e-04
1.638284447835758328e-04
1.632664643693715334e-04
1.626951707294210792e-04
1.621273841010406613e-04
1.615649816812947392e-04
1.610187173355370760e-04
1.604908029548823833e-04
1.599797833478078246e-04
1.594905916135758162e-04
1.590142783243209124e-04
1.585627032909542322e-04
1.581204560352489352e-04
1.576908107381314039e-04
1.572701876284554601e-04
1.568540028529241681e-04
1.564515114296227694e-04
1.560548844281584024e-04
1.556651695864275098e-04
1.552822650410234928e-04
1.549071312183514237e-04
1.545312115922570229e-04
1.541581150377169251e-04
1.537826610729098320e-04
1.534169132355600595e-04
1.530607842141762376e-04
1.527144922874867916e-04
1.523688843008130789e-04
1.520333316875621676e-04
1.517091732239350677e-04
1.513830793555825949e-04
1.510654255980625749e-04
1.507460256107151508e-04
1.504422252764925361e-04
1.501389779150485992e-04
1.498430938227102160e-04
1.495543838245794177e-04
1.492695155320689082e-04
1.489896822022274137e-04
1.487111585447564721e-04
1.484358363086357713e-04
1.481643703300505877e-04
1.478964259149506688e-04
1.476316101616248488e-04
1.473720476496964693e-04
1.471161522204056382e-04
1.468632108299061656e-04
1.466131507186219096e-04
1.463631779188290238e-04
1.461149222450330853e-04
1.458696642657741904e-04
1.456229219911620021e-04
1.453783625038340688e-04
1.451409189030528069e-04
1.449083792977035046e-04
1.446843089070171118e-04
1.444622321287170053e-04
1.442395878257229924e-04
1.440191699657589197e-04
1.438010513084009290e-04
1.435832818970084190e-04
1.433720462955534458e-04
1.431637210771441460e-04
1.429616095265373588e-04
1.427599781891331077e-04
1.425601949449628592e-04
1.423657959094271064e-04
1.421739289071410894e-04
1.419818290742114186e-04
1.417944731656461954e-04
1.416075829183682799e-04
1.414196158293634653e-04
1.412321289535611868e-04
1.410492404829710722e-04
1.408673851983621716e-04
1.406870287610217929e-04
1.405064249411225319e-04
1.403311471221968532e-04
1.401571789756417274e-04
1.399838074576109648e-04
1.398120366502553225e-04
1.396424340782687068e-04
1.394746795995160937e-04
1.393048296449705958e-04
1.391408295603469014e-04
1.389675162499770522e-04
1.388012751704081893e-04
1.386351068504154682e-04
1.384704664815217257e-04
1.383037015330046415e-04
1.381415640935301781e-04
1.379766617901623249e-04
1.378155429847538471e-04
1.376545696984976530e-04
1.374990970361977816e-04
1.373432460241019726e-04
1.371892285533249378e-04
1.370376849081367254e-04
1.368873636238276958e-04
1.367387303616851568e-04
1.365912030450999737e-04
1.364462223136797547e-04
1.363008923362940550e-04
1.361585600534453988e-04
1.360200403723865747e-04
1.358831359539180994e-04
1.357471483061090112e-04
1.356132270302623510e-04
1.354814594378694892e-04
1.353541447315365076e-04
1.352240942651405931e-04
1.350942620774731040e-04
1.349598023807629943e-04
1.348272489849478006e-04
1.346932549495249987e-04
1.345602358924224973e-04
1.344341872027143836e-04
1.343083567917346954e-04
1.341844181297346950e-04
1.340649032499641180e-04
1.339373993687331676e-04
1.338109723292291164e-04
1.336848072241991758e-04
1.335672131972387433e-04
1.334464177489280701e-04
1.333274558419361711e-04
1.332048996118828654e-04
1.330813829554244876e-04
1.329601509496569633e-04
1.328399230260401964e-04
1.327174977632239461e-04
1.325920457020401955e-04
1.324697950622066855e-04
1.323507312918081880e-04
1.322330499533563852e-04
1.321100862696766853e-04
1.319894217886030674e-04
1.318708964390680194e-04
1.317529677180573344e-04
1.316336274612694979e-04
1.315144181717187166e-04
1.313989341724663973e-04
1.312839303864166141e-04
1.311666710535064340e-04
1.310477091465145350e-04
1.309267972828820348e-04
1.308065693592652678e-04
1.306892809225246310e-04
1.305675395997241139e-04
1.304437901126220822e-04
1.303207245655357838e-04
1.302037271670997143e-04
1.300888980040326715e-04
1.299747236771509051e-04
1.298637653235346079e-04
1.297527342103421688e-04
1.296462287427857518e-04
1.295432593906298280e-04
1.294397225137799978e-04
1.293334644287824631e-04
1.292290544370189309e-04
1.291213702643290162e-04
1.290130894631147385e-04
1.289031206397339702e-04
1.287958439206704497e-04
1.286925398744642735e-04
1.285914768232032657e-04
1.284875907003879547e-04
1.283858437091112137e-04
1.282867015106603503e-04
1.281900185858830810e-04
1.280936703551560640e-04
1.279941643588244915e-04
1.278958516195416451e-04
1.278006675420328975e-04
1.277075643884018064e-04
1.276131370104849339e-04
1.275225076824426651e-04
1.274345704587176442e-04
1.273466477869078517e-04
1.272599620278924704e-04
1.271729997824877501e-04
1.270854845643043518e-04
1.269987988052889705e-04
1.269166677957400680e-04
1.268312917090952396e-04
1.267518237000331283e-04
1.266711478820070624e-04
1.265936880372464657e-04
1.265162281924858689e-04
1.264380844077095389e-04
1.263595040654763579e-04
1.262837613467127085e-04
1.262106816284358501e-04
1.261379220522940159e-04
1.260654098587110639e-04
1.259972486877813935e-04
1.259246055269613862e-04
1.258520351257175207e-04
1.257823314517736435e-04
1.257101976079866290e-04
1.256418181583285332e-04
1.255705574294552207e-04
1.255027018487453461e-04
1.254339877050369978e-04
1.253681548405438662e-04
1.253021910088136792e-04
1.252352085430175066e-04
1.251654321094974875e-04
1.250997156603261828e-04
1.250349741894751787e-04
1.249685883522033691e-04
1.249016931978985667e-04
1.248366170329973102e-04
1.247741311090067029e-04
1.247098116436973214e-04
1.246464235009625554e-04
1.245836319867521524e-04
1.245193125214427710e-04
1.244584418600425124e-04
1.243983133463189006e-04
1.243364386027678847e-04
1.242820435436442494e-04
1.242241851286962628e-04
1.241653517354279757e-04
1.241082063643261790e-04
1.240498095285147429e-04
1.239931443706154823e-04
1.239371777046471834e-04
1.238827826455235481e-04
1.238269760506227612e-04
1.237705873791128397e-04
1.237171818502247334e-04
1.236676907865330577e-04
1.236129319295287132e-04
1.235587988048791885e-04
1.235053496202453971e-04
1.234527007909491658e-04
1.234004303114488721e-04
1.233484217664226890e-04
1.232959184562787414e-04
1.232446375070139766e-04
