6.711302790790796280e-03
8.944325963966548443e-04
4.900980857200920582e-04
3.684139228425920010e-04
3.209272399544715881e-04
2.978261618409305811e-04
2.828013675753027201e-04
2.714480506256222725e-04
2.620974264573305845e-04
2.542276051826775074e-04
2.475648361723870039e-04
2.418139774817973375e-04
2.367664419580250978e-04
2.322472573723644018e-04
2.281865017721429467e-04
2.245017531095072627e-04
2.211067185271531343e-04
2.179581933887675405e-04
2.150364016415551305e-04
2.123345329891890287e-04
2.098329568980261683e-04
2.075055963359773159e-04
2.053340431302785873e-04
2.033029741141945124e-04
2.013923804042860866e-04
1.995916245505213737e-04
1.978938671527430415e-04
1.962830865522846580e-04
1.947525452123954892e-04
1.932969898916780949e-04
1.919084897963330150e-04
1.905811659526079893e-04
1.893094886327162385e-04
1.880912168417125940e-04
1.869296975200995803e-04
1.858129980973899364e-04
1.847394305514171720e-04
1.837058371165767312e-04
1.827093074098229408e-04
1.817502925405278802e-04
1.808271917980164289e-04
1.799342717276886106e-04
1.790704991435632110e-04
1.782343460945412517e-04
1.774211123120039701e-04
1.766326604411005974e-04
1.758684520609676838e-04
1.751267700456082821e-04
1.744030450936406851e-04
1.736957201501354575e-04
1.730055519146844745e-04
1.723300229059532285e-04
1.716675178613513708e-04
1.710165233816951513e-04
1.703799789538607001e-04
1.697509142104536295e-04
1.691273500910028815e-04
1.685099850874394178e-04
1.678958797128871083e-04
1.672834769124165177e-04
1.666676689637824893e-04
1.660518028074875474e-04
1.654357474762946367e-04
1.648193428991362453e-04
1.642116985749453306e-04
1.636213564779609442e-04
1.630499173188582063e-04
1.624952856218442321e-04
1.619601680431514978e-04
1.614436623640358448e-04
1.609433238627389073e-04
1.604587887413799763e-04
1.599874667590484023e-04
1.595261710463091731e-04
1.590785977896302938e-04
1.586409925948828459e-04
1.582113764015957713e-04
1.577893126523122191e-04
1.573737245053052902e-04
1.569611340528354049e-04
1.565552229294553399e-04
1.561535900691524148e-04
1.557579380460083485e-04
1.553668407723307610e-04
1.549821026856079698e-04
1.546041166875511408e-04
1.542314130347222090e-04
1.538650831207633018e-04
1.535090996185317636e-04
1.531549787614494562e-04
1.528072461951524019e-04
1.524646650068461895e-04
1.521297526778653264e-04
1.517997006885707378e-04
1.514735486125573516e-04
1.511529990239068866e-04
1.508373097749426961e-04
1.505272375652566552e-04
1.502224040450528264e-04
1.499211939517408609e-04
1.496244076406583190e-04
1.493304444011300802e-04
1.490392605774104595e-04
1.487516565248370171e-04
1.484663662267848849e-04
1.481839135522022843e-04
1.479035418014973402e-04
1.476269972044974566e-04
1.473539014114066958e-04
1.470828865421935916e-04
1.468171249143779278e-04
1.465544482925906777e-04
1.462947839172556996e-04
1.460398634662851691e-04
1.457882463000714779e-04
1.455407036701217294e-04
1.452973665436729789e-04
1.450579002266749740e-04
1.448195107514038682e-04
1.445837260689586401e-04
1.443532964913174510e-04
1.441248314222320914e-04
1.438992767361924052e-04
1.436750317225232720e-04
1.434543664800003171e-04
1.432361314073204994e-04
1.430209376849234104e-04
1.428081450285390019e-04
1.425979571649804711e-04
1.423915673512965441e-04
1.421864872099831700e-04
1.419834879925474524e-04
1.417823368683457375e-04
1.415820152033120394e-04
1.413833815604448318e-04
1.411871635355055332e-04
1.409932301612570882e-04
1.407997915521264076e-04
1.406088267685845494e-04
1.404185895808041096e-04
1.402312336722388864e-04
1.400443725287914276e-04
1.398598396917805076e-04
1.396777661284431815e-04
1.394979335600510240e-04
1.393191632814705372e-04
1.391398836858570576e-04
1.389624376315623522e-04
1.387866650475189090e-04
1.386132789775729179e-04
1.384415518259629607e-04
1.382718619424849749e-04
1.381049660267308354e-04
1.379389432258903980e-04
1.377758599119260907e-04
1.376147993141785264e-04
1.374540152028203011e-04
1.372950209770351648e-04
1.371378457406535745e-04
1.369826350128278136e-04
1.368285738863050938e-04
1.366767537547275424e-04
1.365266798529773951e-04
1.363784103887155652e-04
1.362313632853329182e-04
1.360860333079472184e-04
1.359401940135285258e-04
1.357967557851225138e-04
1.356547290924936533e-04
1.355144631816074252e-04
1.353755505988374352e-04
1.352369290543720126e-04
1.350995153188705444e-04
1.349619415123015642e-04
1.348269288428127766e-04
1.346928620478138328e-04
1.345603377558290958e-04
1.344279153272509575e-04
1.342976029263809323e-04
1.341669558314606547e-04
1.340375893050804734e-04
1.339089503744617105e-04
1.337816647719591856e-04
1.336543209617957473e-04
1.335277338512241840e-04
1.334014232270419598e-04
1.332748797722160816e-04
1.331498351646587253e-04
1.330241211690008640e-04
1.328943326370790601e-04
1.327648205915465951e-04
1.326368801528587937e-04
1.325093035120517015e-04
1.323830801993608475e-04
1.322545285802334547e-04
1.321269228355959058e-04
1.319988077739253640e-04
1.318738068221136928e-04
1.317491405643522739e-04
1.316268026130273938e-04
1.315055560553446412e-04
1.313865068368613720e-04
1.312667009187862277e-04
1.311495871050283313e-04
1.310313527937978506e-04
1.309114886680617929e-04
1.307923230342566967e-04
1.306711783399805427e-04
1.305498153669759631e-04
1.304305333178490400e-04
1.303097378695383668e-04
1.301894226344302297e-04
1.300707372138276696e-04
1.299549039686098695e-04
1.298415154451504350e-04
1.297302369493991137e-04
1.296198315685614944e-04
1.295099064009264112e-04
1.294015964958816767e-04
1.292948290938511491e-04
1.291887456318363547e-04
1.290818909183144569e-04
1.289760839426890016e-04
1.288713974645361304e-04
1.287691557081416249e-04
1.286661281483247876e-04
1.285645703319460154e-04
1.284640165977180004e-04
1.283645688090473413e-04
1.282673474634066224e-04
1.281720178667455912e-04
1.280739525100216269e-04
1.279781135963276029e-04
1.278838899452239275e-04
1.277897099498659372e-04
1.276947150472551584e-04
1.276022230740636587e-04
1.275103131774812937e-04
1.274189853575080633e-04
1.273296074941754341e-04
1.272394874831661582e-04
1.271510554943233728e-04
1.270634384127333760e-04
1.269758067792281508e-04
1.268893538508564234e-04
1.268039050046354532e-04
1.267189945792779326e-04
1.266341860173270106e-04
1.265499304281547666e-04
1.264665916096419096e-04
1.263835292775183916e-04
1.263006270164623857e-04
1.262196165043860674e-04
1.261397846974432468e-04
1.260593126062303782e-04
1.259798009414225817e-04
1.258994452655315399e-04
1.258221600437536836e-04
1.257427356904372573e-04
1.256643881788477302e-04
1.255872775800526142e-04
1.255085953744128346e-04
1.254324160981923342e-04
1.253543887287378311e-04
1.252772053703665733e-04
1.252019428648054600e-04
1.251266075996682048e-04
1.250518107553943992e-04
1.249787746928632259e-04
1.249042979907244444e-04
1.248304033651947975e-04
1.247590844286605716e-04
1.246861938852816820e-04
1.246153406100347638e-04
1.245439052581787109e-04
1.244723243871703744e-04
1.244004088221117854e-04
1.243297301698476076e-04
1.242601574631407857e-04
1.241901627508923411e-04
1.241203572135418653e-04
1.240517594851553440e-04
1.239834818989038467e-04
1.239148987224325538e-04
1.238472177647054195e-04
1.237791148014366627e-04
1.237117539858445525e-04
1.236442476511001587e-04
1.235768431797623634e-04
1.235103845829144120e-04
1.234448718605563045e-04
1.233783405041322112e-04
1.233152725035324693e-04
1.232518698088824749e-04
1.231868081958964467e-04
1.231213391292840242e-04
1.230566267622634768e-04
1.229929912369698286e-04
1.229296613018959761e-04
1.228648761752992868e-04
